$ANSIBLE_VAULT;1.1;AES256
32633863653066656464316533323438623430313761633636313764623662613864336665396131
6133646432336533376631626238373166653465346631340a323963366332653938613363636238
39356366623164393462626362326434626239336165356236656435656566323434336531613839
3464343738366237360a666135623664663036356634353539646637356332343235303837363934
39383734306430343763303232663936396364663832613238356337663365383039643161373537
31346533616466633862383633336161303965373738643961613435626631656530333131623931
39666238306562316233383634333633623765616131373662343166346330313030326335316238
65363830663536326630316133653339663463633062303364646439393965646539306265653335
61353632373764323736376635626536383138616137383734613739386136643835313538313636
66616463633632666638626636323562376231363538383965346337316264636631613939666365
61643463653961316630653663333437643838366433343665393066323666336665633363376138
35376164343966613363346363623331323535656538323763333631373034353230633337613333
35326233666166663234326363646436623738306433303564653166353965356231363661396533
63333636326131326539323733396363346235633935623439353736366233616431373936653636
31636139346333326638666362306538633263643934656166626633346631303738646633333466
35653064336239376636316436366439616561643263623231396263386338623138376566353132
36363836383237623330333833643332353936376239363765373835366134333665653933363731
36353437636531376265616361376331616431313231316163333861666166356536653737313535
33373764383937333261373631666536376165636666393632383966396461623038643663373266
37306466343231313636613232303439646137346134326461633664343935323961646636646361
39653730336334616236306135316662666462316430633735363938373362643131383563326465
64643432636632666530383166663831666161393563316132333666353763646436303437363031
32356533363965656232616161623364343839663333356330633032333633393663316135643833
39376631393964376337666335313034343937393730613130316439313932366434636665356632
61376331376537386465356633336331666261366234393961343063393865663963643433616437
38366135363762663061313161353639306166333930376638653664666434353461646334656265
38353764646163343862613636386565613964346636386563656162623536346463306138336263
36666133633936303933396532623962376237386432353266636531643764373137373364643136
34343231346265303664333866663431666536366232616435383533643666376463
